# atipico en X r = 0.84
x y
12.359 276.022
1.762 22.752
9.852 157.475
6.235 101.549
10.887 118.560
14.302 170.111
5.832 5.000
15.266 261.166
7.778 160.665
6.998 102.340
4.068 49.377
1.835 5.000
1.916 50.125
13.752 62.188
1.110 5.000
10.725 136.228
10.144 136.862
9.809 181.999
7.898 120.799
1.959 44.186
3.886 153.271
11.419 290.165
14.365 289.535
8.233 227.363
6.856 237.630
13.501 255.451
1.603 5.000
9.979 240.006
15.568 195.020
7.451 256.990
5.528 214.725
6.586 75.694
9.619 86.532
14.226 193.641
11.939 198.404
40.000 640.000
