# atipico en la relacion r = 0.88
x y
8.581 8.926
7.476 8.016
7.960 8.943
9.914 8.754
6.871 7.659
6.521 8.014
7.663 8.455
6.327 7.456
9.550 9.210
4.066 5.956
3.693 6.112
0.857 2.656
9.429 9.483
0.819 1.880
9.102 9.543
3.546 6.626
9.914 9.646
1.314 3.404
2.418 4.451
7.906 8.715
3.892 5.658
4.410 5.972
2.010 3.402
1.563 3.847
8.587 8.675
5.918 7.204
7.862 8.411
3.666 5.461
4.867 6.693
9.158 8.647
9.052 8.980
5.956 7.209
6.814 7.148
0.748 2.110
3.440 5.328
5.673 6.921
4.420 6.411
3.074 5.098
7.028 7.933
2.357 4.442
9.101 8.014
2.071 4.268
7.179 7.701
4.943 6.606
7.330 7.816
4.056 6.304
3.537 5.624
6.444 7.899
9.632 9.623
6.885 7.645
0.500 9.200
