# con atipico r = 0.70
x y
-0.641 1.534
-0.044 0.101
0.401 0.280
0.846 -0.030
0.848 0.570
0.280 0.349
-1.041 0.255
-2.213 0.506
-0.167 1.106
-0.489 -0.182
-0.652 0.309
-0.094 -0.933
1.333 0.328
-1.065 -1.028
-0.840 0.815
1.240 -0.008
-0.051 -0.160
0.146 0.077
0.895 0.146
-0.039 -1.675
-0.585 0.691
-0.974 -0.955
-1.169 -1.582
-0.755 1.661
0.867 1.088
-0.691 0.872
2.258 -1.241
-1.432 -0.453
0.228 0.513
-1.440 -0.131
1.151 0.464
0.462 -0.890
-1.311 0.825
0.297 1.336
-1.706 0.266
-0.560 -0.995
-1.769 -0.769
-0.081 0.001
0.913 -2.006
1.352 -1.701
10.000 10.000
