# debil r = 0.75
x y
2.153 4.748
5.439 7.373
9.878 9.391
4.957 4.979
5.914 6.432
5.467 3.020
1.153 0.671
7.161 5.831
9.121 5.518
9.266 9.661
5.867 5.493
3.525 -0.281
6.755 4.688
9.446 9.220
9.781 2.265
2.830 3.308
9.357 10.050
7.303 8.990
8.718 7.171
1.675 -2.024
9.762 11.396
7.535 3.960
1.665 3.072
5.401 3.644
1.115 -1.516
7.246 8.011
5.952 8.870
5.783 5.375
8.472 7.833
7.697 3.307
0.917 3.078
7.621 7.811
5.415 4.708
1.888 5.290
3.472 -0.604
5.092 3.780
8.588 8.601
8.819 8.051
1.021 -5.314
4.422 5.330
8.435 8.356
6.024 8.652
8.552 13.855
5.973 5.484
2.230 3.230
5.029 5.686
5.152 5.593
8.941 8.581
3.558 4.563
2.350 5.283
7.489 5.281
4.196 9.138
4.844 6.160
9.766 10.554
6.746 0.899
6.718 6.691
9.339 6.802
7.163 8.656
9.548 12.032
6.333 9.323
5.874 5.442
2.842 2.648
2.308 3.444
5.315 -0.140
0.591 -0.537
1.683 0.272
7.084 8.438
6.790 5.601
0.283 2.218
1.632 1.130
6.178 8.402
4.077 9.844
5.890 9.941
1.287 3.750
8.625 11.601
2.589 1.638
3.744 1.740
4.494 2.294
5.928 6.437
9.805 13.636
2.094 0.198
1.624 2.842
1.453 -1.789
7.747 4.585
3.825 6.054
9.270 7.484
0.666 -1.195
5.316 10.452
7.572 7.752
5.071 4.955
4.066 3.469
8.115 9.195
5.091 3.251
9.065 9.214
2.386 5.211
5.985 5.151
6.345 0.160
9.071 7.369
0.933 2.930
8.057 10.972
6.835 7.780
8.606 12.317
6.089 3.386
4.538 7.863
7.963 8.509
2.842 4.599
0.554 -6.883
7.500 9.820
8.124 8.729
8.287 13.248
4.477 4.966
7.327 4.796
7.136 5.048
2.885 3.940
7.655 8.456
9.642 7.993
3.521 0.744
2.734 6.676
5.839 5.218
8.778 8.600
6.083 4.696
9.700 13.336
9.226 12.126
7.107 4.451
7.069 6.870
1.781 -0.617
3.410 8.232
8.101 9.254
4.005 3.276
2.281 1.403
0.631 2.046
2.230 1.591
5.771 9.782
9.241 6.833
3.915 0.705
7.895 11.563
1.288 0.181
8.227 11.919
9.275 11.563
5.026 1.495
4.548 2.963
9.081 9.209
2.278 1.705
9.206 9.994
9.175 7.583
9.575 9.355
8.911 11.515
5.257 8.723
6.818 4.764
5.330 4.727
