# positiva r = 0.87
x y
1.789 2.130
6.399 7.945
4.673 4.006
3.705 2.523
3.549 2.346
7.905 6.743
9.051 7.334
1.774 0.678
6.528 8.080
2.983 2.271
9.670 9.978
9.199 7.738
6.359 6.562
7.527 5.438
5.152 4.313
8.259 10.964
4.484 3.784
3.388 4.732
2.779 3.325
2.263 2.080
5.258 4.476
4.309 5.853
6.632 6.419
0.128 1.961
4.477 3.614
3.652 3.721
1.954 2.513
5.949 6.396
4.353 2.873
3.000 2.203
2.094 1.859
8.746 7.722
7.975 8.787
6.067 6.773
3.451 1.103
9.468 7.302
5.634 4.096
4.328 4.468
9.004 11.444
3.193 2.735
6.960 7.261
3.138 1.862
2.616 1.359
7.008 4.660
2.279 2.245
4.931 6.068
5.800 5.372
1.889 3.565
7.312 7.550
5.485 5.441
6.215 6.836
3.721 4.306
4.202 5.579
4.948 3.986
4.700 1.954
6.756 6.894
5.772 5.038
4.163 4.130
0.018 2.015
7.940 6.617
