# sin direccion (V) r = 0.09
x y
-2.339 2.765
2.496 3.089
0.732 1.915
1.439 2.009
-0.872 1.140
2.603 3.139
2.857 3.064
0.351 0.800
2.921 4.066
0.035 0.064
-0.362 1.021
1.713 2.016
0.865 0.418
-1.797 1.928
0.090 -0.262
-2.901 3.385
2.254 2.924
0.255 -0.020
-2.723 3.239
2.627 3.222
2.997 3.339
1.424 1.390
-0.412 0.525
0.549 0.964
-2.939 3.315
-2.349 2.556
-1.014 1.167
-0.532 0.740
1.536 1.653
-1.976 2.254
-2.303 2.683
1.185 1.042
2.328 2.732
2.278 2.538
1.451 2.296
2.901 3.301
0.133 0.319
1.647 2.109
-0.497 0.205
-0.880 0.619
2.465 2.802
-0.416 0.731
1.479 1.574
-0.018 -0.208
-2.327 1.777
-2.239 2.548
0.061 0.182
1.246 1.651
1.455 1.896
-0.986 1.068
-2.945 3.454
0.200 0.531
-1.863 2.188
-1.079 0.489
0.399 0.835
-0.649 0.402
-0.246 0.777
-2.697 3.830
-1.902 2.549
2.051 2.778
