# negativa r = -0.92
x y
3.137 6.351
1.178 8.874
6.632 5.675
8.197 3.167
4.730 6.029
5.583 5.701
9.585 -0.458
6.989 3.915
7.450 3.882
8.895 2.012
2.158 7.597
6.502 -0.999
7.174 3.495
8.422 1.716
3.438 6.119
6.888 4.046
6.044 4.275
4.094 6.151
1.017 7.203
3.530 4.718
9.635 0.810
2.165 7.926
1.136 9.030
3.677 6.523
1.010 9.484
2.672 7.371
9.145 1.045
3.188 7.120
5.859 5.256
2.387 6.995
6.680 4.264
1.277 9.487
7.898 2.228
4.229 5.200
1.837 8.606
7.582 3.454
5.543 3.167
4.381 5.693
2.406 7.671
7.814 1.393
3.653 5.604
0.431 7.708
9.654 -0.977
0.305 7.850
1.205 8.055
4.658 4.670
2.079 7.272
3.351 7.095
5.676 4.099
9.578 -0.453
9.363 -0.229
0.739 7.903
8.533 1.231
1.678 8.065
8.114 3.833
2.963 8.878
7.178 4.595
7.188 5.307
8.506 0.034
9.796 1.011
