# fuerte r = 0.98
x y
4.859 4.508
9.624 9.877
1.446 0.910
8.918 8.966
3.595 3.010
2.363 2.722
6.571 8.053
0.302 1.037
5.255 5.620
4.736 4.285
0.485 0.675
4.342 4.934
3.049 3.005
2.486 2.551
9.303 8.456
5.983 5.555
1.542 0.617
7.571 8.529
3.696 3.932
5.989 6.351
3.799 3.698
6.385 5.655
6.819 6.907
2.835 2.517
8.311 7.826
6.181 6.209
6.053 6.108
2.180 2.090
2.540 2.152
3.954 3.461
0.339 0.342
0.547 1.159
6.627 5.825
3.165 2.836
7.202 7.121
0.748 0.669
7.401 7.105
2.142 3.106
8.696 8.895
9.065 8.573
6.893 5.952
3.943 3.857
0.256 0.996
7.611 7.708
5.628 4.470
0.823 0.134
5.707 5.769
0.062 0.595
4.514 4.584
6.133 6.207
8.027 8.563
2.906 3.534
2.320 1.982
3.311 3.530
0.592 0.113
9.315 8.777
8.806 9.101
6.021 5.310
0.746 0.831
0.836 0.993
9.321 9.751
1.250 0.675
1.457 1.647
7.855 7.792
3.015 3.758
4.116 3.744
4.100 3.545
7.001 7.251
4.723 4.295
8.122 7.475
