# grupo 1 r = 0.21
x y
-0.365 0.200
1.436 0.199
-0.730 -0.573
0.909 0.716
-1.088 -0.575
0.875 -1.021
-0.316 -0.276
0.160 0.272
0.224 0.023
0.567 -0.345
-0.217 -0.282
-0.530 0.407
-0.929 -1.232
1.051 -0.323
-0.043 0.715
-0.288 -0.384
-0.682 -0.131
-0.857 0.444
1.210 0.650
-0.052 0.533
0.583 -0.168
0.154 0.337
-0.498 -0.503
0.608 0.005
0.693 -0.945
-0.654 0.223
0.238 1.291
0.366 -1.084
0.521 -0.942
0.359 0.894
0.843 -0.583
-0.076 -0.499
0.166 0.224
-0.577 -1.014
-0.244 -0.436
-0.641 -0.206
0.109 -0.236
1.013 0.605
-0.225 0.090
-0.728 -0.777
-0.581 1.151
-1.233 -0.543
-0.698 -0.642
-1.337 -0.136
0.336 0.786
-0.589 1.452
-0.153 0.190
-0.531 -1.120
0.946 1.412
-0.137 0.341
