# conjunto r = 0.98
x y
-0.365 0.200
1.436 0.199
-0.730 -0.573
0.909 0.716
-1.088 -0.575
0.875 -1.021
-0.316 -0.276
0.160 0.272
0.224 0.023
0.567 -0.345
-0.217 -0.282
-0.530 0.407
-0.929 -1.232
1.051 -0.323
-0.043 0.715
-0.288 -0.384
-0.682 -0.131
-0.857 0.444
1.210 0.650
-0.052 0.533
0.583 -0.168
0.154 0.337
-0.498 -0.503
0.608 0.005
0.693 -0.945
-0.654 0.223
0.238 1.291
0.366 -1.084
0.521 -0.942
0.359 0.894
0.843 -0.583
-0.076 -0.499
0.166 0.224
-0.577 -1.014
-0.244 -0.436
-0.641 -0.206
0.109 -0.236
1.013 0.605
-0.225 0.090
-0.728 -0.777
-0.581 1.151
-1.233 -0.543
-0.698 -0.642
-1.337 -0.136
0.336 0.786
-0.589 1.452
-0.153 0.190
-0.531 -1.120
0.946 1.412
-0.137 0.341
9.412 7.979
8.899 10.387
10.709 9.714
8.447 9.030
8.437 9.716
8.319 8.887
9.779 11.833
10.111 10.706
9.293 10.711
10.020 9.154
10.809 9.134
11.581 10.416
10.269 11.710
10.248 11.391
9.932 11.088
9.715 9.732
9.421 9.685
10.497 8.794
10.721 9.900
10.402 9.222
9.621 10.162
10.361 9.904
10.054 9.743
10.905 9.735
10.444 9.593
11.169 9.600
9.436 9.151
11.019 10.803
10.377 9.547
10.305 10.112
9.779 11.367
10.130 10.320
10.138 9.279
10.712 10.199
8.246 10.714
10.273 9.974
10.046 10.153
9.620 9.806
10.963 9.956
10.140 11.488
10.777 9.573
9.851 10.141
10.529 9.039
10.220 9.681
10.892 8.999
11.400 10.135
9.883 9.949
9.876 9.769
10.342 10.844
9.327 9.731
