# parabola r = -0.06
x y
-2.099 4.262
1.320 1.004
0.897 -0.110
-1.941 3.132
2.198 4.779
-0.382 -0.524
0.215 0.577
1.232 0.647
-1.778 1.868
-1.891 3.351
2.597 5.343
-2.991 8.512
2.031 4.032
-1.571 2.038
-2.471 5.671
-1.507 1.886
-0.079 -0.579
-0.723 -0.299
1.197 0.806
-0.355 -0.498
0.781 -0.557
1.242 1.478
0.093 -0.310
1.746 2.510
-1.189 1.091
2.324 4.904
-0.013 -0.709
1.806 3.102
0.090 -0.361
-2.306 5.128
2.881 8.080
-2.165 4.014
-0.298 -0.594
1.581 2.130
0.026 -1.182
-0.561 -0.554
-2.448 4.733
0.785 0.427
0.290 -0.261
1.645 2.285
-0.649 0.007
-0.397 -0.032
2.416 5.236
-2.526 5.329
-2.080 3.738
0.921 0.055
1.697 1.967
1.666 1.844
-0.054 -0.446
-2.333 4.639
0.342 -0.731
2.088 3.482
-0.697 0.261
-2.246 4.513
-1.164 1.155
-0.746 0.197
-2.842 7.143
1.479 1.259
1.666 2.123
0.397 0.246
0.934 0.589
0.492 0.558
0.705 -0.121
0.770 0.011
-0.989 -0.280
1.827 3.413
-0.483 -0.666
-0.310 -0.037
0.414 -0.495
1.017 -0.071
0.031 -0.502
1.371 1.832
2.973 8.955
-0.841 0.353
2.230 4.555
1.098 0.354
-0.032 -0.315
0.048 -0.502
0.097 0.521
-1.587 3.252
-1.912 2.582
2.300 5.329
-0.926 0.517
1.640 1.609
-1.559 2.196
-1.704 2.122
1.070 0.838
-1.863 2.316
0.661 -0.883
1.628 2.851
-0.447 -0.126
-0.334 -1.084
-1.633 1.125
-0.434 -0.310
1.131 0.618
-2.442 5.116
-2.356 4.601
1.238 0.376
-2.682 7.193
-0.853 -0.946
-2.400 4.263
1.982 3.426
-0.362 0.468
-2.291 4.693
2.137 3.375
2.397 5.540
-2.526 5.279
-2.726 6.372
0.308 -1.231
-0.253 -0.371
0.950 -0.291
-0.412 -1.047
-1.509 1.989
0.344 -1.075
-1.761 3.982
1.030 0.378
-1.827 2.339
-0.666 -0.944
0.932 -0.912
-0.110 0.063
1.568 1.821
0.277 -0.888
0.122 -0.934
-0.931 -0.118
2.465 5.632
-1.434 1.235
-2.448 5.942
-2.147 4.386
1.214 1.052
-1.522 2.250
0.835 0.632
-1.040 0.560
-1.250 0.816
-1.677 2.094
-0.783 0.364
1.626 1.719
-1.117 1.108
-2.857 7.544
2.905 7.745
-1.509 1.917
-2.972 8.256
1.212 0.741
-1.392 1.500
1.211 0.830
2.428 5.981
2.816 7.579
-0.967 -0.153
0.669 0.765
1.381 1.388
2.600 6.082
-2.344 5.057
1.891 2.577
2.156 4.678
0.961 -0.078
-0.503 -0.919
-2.718 7.373
-1.442 1.948
-0.070 -0.529
-0.081 -0.843
1.008 1.007
0.255 -0.798
1.340 1.032
-0.899 0.476
2.877 7.949
2.542 5.485
0.919 0.635
-2.453 4.762
-2.424 5.666
-0.082 -0.651
1.632 1.962
2.834 7.969
-2.971 8.866
1.442 1.390
-0.451 -1.441
-2.238 4.570
-0.989 0.167
-1.339 0.309
-2.026 3.923
-2.349 5.232
0.332 -0.463
-1.139 0.937
2.984 9.109
1.188 0.127
-2.569 5.337
-2.813 7.525
1.124 0.508
2.103 3.310
-0.797 0.127
-2.345 4.487
-1.061 -0.182
1.480 2.360
0.998 -0.233
-0.403 -0.405
2.207 4.032
-2.502 5.492
-1.028 0.760
2.054 3.042
-1.126 0.814
2.390 5.424
2.778 6.712
2.172 4.865
-1.356 0.901
-1.527 1.843
2.036 2.697
-2.095 4.026
-2.280 4.897
-1.157 0.486
-1.010 1.614
2.499 5.421
1.108 0.126
-1.340 1.646
0.008 -0.871
1.846 2.107
1.102 0.434
-1.473 1.280
-0.303 -1.040
-0.443 -0.285
-2.453 5.421
1.743 2.960
-0.092 -0.198
0.717 -0.207
2.877 7.558
-2.301 4.884
-0.774 -1.689
-2.294 4.857
-2.878 7.841
-1.453 1.552
-2.104 4.089
-2.816 7.318
-0.780 0.629
-1.913 3.235
2.556 6.607
1.380 1.565
2.870 7.045
0.323 -0.514
2.506 5.926
-0.393 -0.522
2.147 3.343
2.088 4.052
0.613 0.447
0.022 -0.975
-2.608 6.119
0.934 1.050
0.848 -0.390
0.514 0.339
0.028 -0.775
-0.536 -0.837
1.926 3.818
0.954 -0.292
-0.430 -0.438
-2.536 5.933
2.564 6.233
-0.694 0.641
-1.522 2.382
-2.284 3.627
-1.307 0.520
-1.770 2.823
-2.834 7.443
-0.352 -0.483
-2.618 6.526
-0.566 -0.615
1.795 2.699
-0.694 -0.009
0.152 -0.334
1.258 -0.178
-0.311 -0.170
-0.651 0.465
-1.474 1.357
0.936 0.303
-1.958 3.099
-2.447 5.229
-2.848 7.795
-1.979 2.287
0.409 0.147
2.811 8.084
1.737 2.748
-1.049 0.791
-1.015 0.705
2.772 7.444
-0.037 -0.135
-2.183 4.515
0.857 -0.510
-2.461 5.627
-1.835 2.847
-0.822 0.065
0.645 -0.523
1.442 2.090
-2.842 7.260
2.038 3.571
-2.691 6.960
-0.351 -0.459
0.931 0.527
-0.803 0.533
-1.712 1.427
2.978 7.934
2.737 7.467
-1.509 1.715
0.344 -1.159
-0.708 -0.179
-2.247 4.382
