# ejemplo r = 0.97
x y
-0.460 -0.098
0.840 0.643
-0.392 -0.428
1.694 2.087
0.376 0.447
-0.815 -0.946
-0.437 -0.346
0.099 0.018
1.724 1.357
-0.166 -0.292
0.120 0.331
-1.405 -1.069
-2.277 -2.594
0.078 -0.167
1.311 1.054
0.644 1.170
-1.361 -1.334
0.508 0.585
-0.957 -0.649
-1.842 -1.835
-0.616 -0.298
1.982 1.675
-2.159 -2.340
1.084 0.871
-0.033 0.623
0.277 0.214
-0.239 -0.160
-0.821 -0.949
1.701 1.665
0.401 0.453
-0.521 -0.492
0.437 0.601
0.565 0.402
1.037 0.784
-0.382 -0.831
0.416 0.606
0.797 0.778
0.295 -0.041
-0.153 0.022
0.442 0.586
0.399 0.454
1.270 1.735
-0.441 -0.307
0.278 0.415
-0.359 -0.466
-1.113 -1.223
0.370 0.484
1.698 1.367
-1.489 -1.084
-1.147 -1.501
-1.341 -1.171
0.046 -0.079
-0.220 -0.075
0.517 0.673
0.245 0.236
0.571 0.240
-0.461 -0.189
-1.321 -1.107
0.198 0.116
0.553 0.683
-1.392 -1.522
-0.493 -0.806
-1.097 -0.833
0.897 0.766
0.932 1.290
-0.790 -0.897
0.942 1.052
0.376 0.502
0.176 -0.063
-0.963 -1.036
-1.460 -1.476
-1.065 -1.189
0.598 0.472
-1.488 -0.972
1.512 1.419
-0.125 -0.236
2.067 2.468
-0.329 0.213
1.202 1.405
0.933 0.770
-1.780 -1.266
0.220 -0.112
0.187 0.640
0.007 0.028
-0.487 -0.276
0.170 0.551
0.784 0.827
0.297 -0.126
-0.170 -0.144
-3.040 -3.109
1.222 1.177
0.389 0.421
-0.243 -0.550
-1.988 -2.263
0.407 0.093
0.012 0.032
1.314 1.485
0.513 0.393
0.307 0.452
0.236 0.329
0.658 0.637
-0.246 -0.187
0.777 0.419
-0.039 -0.389
-0.053 -0.165
0.987 1.071
1.219 1.524
-1.165 -1.056
-0.649 -0.524
-1.210 -1.040
1.044 0.792
-0.629 -0.491
-0.350 -0.431
1.158 1.036
0.418 -0.085
-0.436 -0.632
-1.728 -1.649
-1.143 -0.894
-0.320 -0.000
0.474 0.680
-1.070 -0.780
1.602 1.887
0.491 0.076
1.415 0.750
1.601 1.702
1.122 1.277
0.996 1.039
-1.164 -1.205
0.549 0.719
0.698 0.583
0.070 -0.181
0.182 0.153
0.802 0.815
-0.211 -0.067
1.885 1.219
-1.134 -1.016
-0.663 -0.612
0.157 -0.065
-0.904 -1.155
0.601 0.403
0.013 -0.270
0.117 0.294
0.220 0.281
0.591 0.580
-0.856 -0.788
0.708 0.949
1.760 1.829
-0.854 -0.837
-1.507 -1.274
0.169 0.325
-0.899 -0.473
0.424 0.253
-3.227 -3.061
0.846 0.897
-0.120 -0.247
1.649 1.646
0.328 0.020
-0.216 -0.225
1.539 1.651
-1.893 -1.665
-1.595 -1.274
-0.271 0.006
0.860 0.864
-0.106 -0.045
0.535 0.627
0.972 1.278
-0.617 -0.153
-0.039 0.085
0.371 -0.112
0.050 0.249
-0.006 -0.305
0.680 0.301
1.291 1.315
-0.131 -0.456
-1.227 -1.158
0.131 0.167
0.689 1.020
0.066 -0.087
2.130 2.511
-0.236 -0.540
0.581 0.337
-0.477 -0.866
2.572 2.337
2.169 1.987
0.754 0.423
1.641 1.420
-0.435 -0.389
-0.379 -0.436
-0.475 -0.356
-0.185 -0.445
-0.407 -0.429
-0.009 -0.128
-0.865 -0.913
-0.440 -0.438
-0.052 -0.073
0.792 0.786
-0.608 -0.792
0.378 0.153
-0.102 -0.141
0.257 0.389
