# ejemplo r = -0.79
x y
-0.733 0.654
0.517 -0.858
-0.815 -0.065
-1.285 0.836
-1.029 0.162
-1.195 -0.702
-0.519 0.049
-0.033 -0.106
1.145 0.113
-0.991 1.440
0.546 -1.334
-0.030 0.433
-0.748 -0.546
0.033 0.423
0.929 -0.751
0.367 -0.685
-0.211 0.612
-0.087 -0.393
-1.328 1.151
-0.434 0.984
-0.675 0.086
0.256 -0.421
-0.858 0.543
1.517 -1.431
-1.428 2.405
1.378 -1.245
1.307 -0.158
1.251 -1.238
-0.239 0.787
0.284 0.192
1.667 -0.340
0.714 -0.331
-0.065 1.785
-0.234 0.613
0.891 -0.986
-2.232 2.469
-1.105 -0.820
2.108 -1.837
0.048 0.399
1.038 -1.471
-0.275 -0.607
-0.479 0.305
-1.165 0.617
1.441 -0.590
-0.324 1.406
0.965 0.049
-0.104 -0.149
-0.217 -0.244
-0.343 0.449
0.932 -0.208
1.351 -1.503
0.156 0.099
-1.172 0.689
-1.273 1.511
-0.689 0.464
-1.623 0.818
0.632 -0.392
-0.661 0.498
-0.483 0.020
0.745 -0.247
0.042 0.432
0.486 0.356
-1.308 0.797
-0.851 1.323
1.603 -0.638
0.235 0.541
-1.008 0.738
0.001 -0.753
0.703 -0.985
0.193 0.174
0.140 0.769
-0.605 1.543
-0.427 1.578
-1.142 1.482
1.294 -0.697
-1.788 1.805
2.979 -1.436
0.084 -0.482
2.764 -1.932
-0.130 -0.220
-1.502 0.964
0.705 -0.524
-0.062 0.054
-1.891 2.254
0.835 -1.063
0.526 0.359
-1.209 1.080
0.391 -0.492
0.203 -0.818
0.095 -0.446
0.999 -0.664
0.170 -0.542
0.516 -0.583
1.592 -0.427
0.231 -0.321
-0.672 0.546
1.322 -0.373
-0.595 0.923
0.033 -1.539
0.316 -0.085
-0.317 -0.058
1.914 -1.594
-0.129 0.315
-0.512 -0.136
-0.673 0.395
2.038 -1.834
0.279 -0.172
0.444 -0.515
0.655 -0.356
-0.278 0.119
1.447 -0.934
-0.563 -0.098
2.205 -1.800
-0.001 -1.178
0.894 -0.997
-0.815 0.821
1.255 -0.278
-0.530 2.210
-0.456 0.734
-0.405 -0.717
0.832 -0.244
1.709 -1.642
0.654 -1.816
0.562 1.047
1.596 -1.496
0.794 -1.094
0.558 -0.047
0.589 -1.135
0.162 0.807
1.075 -0.888
0.413 -0.244
0.117 -0.571
-2.638 1.721
-0.612 0.275
-1.999 2.582
-1.654 1.505
-2.447 1.679
1.305 -1.565
-0.073 -1.689
-0.600 0.448
0.647 0.153
0.998 -1.239
-0.444 -0.099
-0.999 0.596
-0.443 0.759
-1.624 1.402
-1.227 0.712
-0.119 -0.163
0.922 -1.026
-0.853 0.917
-0.234 1.217
-0.382 1.063
1.718 -2.215
-0.767 -0.064
0.339 0.194
-0.494 -0.141
-0.116 0.148
-0.617 0.476
0.058 0.744
-0.419 0.897
0.578 -0.886
1.397 -1.590
0.261 0.013
-0.790 0.701
-1.423 1.871
-1.047 1.084
-0.755 0.775
-0.279 0.364
0.582 -1.435
1.536 -0.443
1.406 -1.453
0.405 -1.090
-0.361 0.092
0.127 -0.609
0.606 -0.759
0.135 -0.492
1.316 -1.009
0.435 -1.131
0.826 -1.715
-0.231 0.279
-0.478 0.687
0.583 -1.348
0.741 -0.601
1.307 -1.114
0.273 -1.327
1.074 -0.789
0.292 0.233
-1.620 1.804
-0.022 0.233
0.263 -0.085
0.463 -0.367
-1.875 1.739
0.503 0.485
-0.378 -0.919
-0.305 -0.407
0.116 0.124
2.559 -1.879
-0.776 0.603
1.805 -1.072
1.165 -0.719
