# ejemplo r = -0.02
x y
-1.115 0.378
-0.367 -0.385
-1.197 -0.048
-0.341 -2.035
0.204 0.668
-0.102 1.087
-0.658 -0.433
0.235 0.209
0.814 1.116
1.098 -0.097
-0.235 -2.064
-1.441 -1.755
-0.510 -0.820
0.211 -1.377
-0.101 -0.641
-0.405 -0.800
0.946 0.870
-0.757 0.860
-0.519 1.673
-0.341 -1.596
-2.198 0.548
1.001 -1.634
-0.335 1.373
-0.100 1.198
0.238 1.875
0.170 0.973
0.953 0.070
1.201 -0.382
0.472 -0.139
-0.812 -0.316
-1.248 -0.422
1.097 0.723
-0.299 -0.672
-0.645 -0.625
0.793 1.063
-0.814 -1.672
-0.790 0.175
-0.220 1.005
-1.430 0.091
-1.201 -2.106
0.372 -1.077
0.616 1.646
-1.040 0.716
0.366 -1.398
0.840 -0.008
2.259 0.129
0.089 0.829
1.634 -0.362
-0.168 0.507
-1.365 -0.020
0.314 0.405
0.319 -0.818
-1.075 0.439
-0.185 1.079
2.366 0.933
-1.264 1.144
-1.190 1.749
1.829 2.114
-0.357 -0.437
1.315 -0.430
0.910 -0.039
-2.604 -0.077
0.831 -0.850
1.304 1.425
-1.000 -0.366
-1.282 -0.547
-1.937 -0.175
-0.715 0.744
-1.037 -0.721
-0.533 -0.693
-1.299 0.152
0.918 1.112
-0.302 2.220
-0.233 0.064
1.359 0.303
-0.628 0.070
-0.863 2.605
0.688 0.266
-1.693 0.748
0.002 -1.635
-1.020 0.220
-0.066 1.261
-0.151 1.062
0.096 -0.558
-0.160 -0.321
-1.810 -1.003
-1.649 1.622
-0.104 1.392
0.653 1.053
-0.088 -0.331
-0.570 -0.167
-0.040 0.005
0.541 -1.952
-2.014 0.955
0.790 -1.310
1.139 0.599
-0.919 -0.691
-0.885 -1.095
-0.847 -0.370
0.606 -1.963
-0.124 0.437
-0.074 -0.571
-1.789 0.636
0.118 1.095
-0.474 1.999
0.239 0.309
0.613 -0.129
0.174 2.564
0.581 -0.037
-0.514 0.300
-0.286 -0.451
1.033 -0.289
-0.461 0.147
-1.445 -2.226
-0.093 0.012
-1.246 0.854
0.003 -0.099
-0.943 -0.478
-0.150 0.293
1.239 -1.761
1.166 -2.317
0.509 1.102
-1.260 0.345
-0.127 -0.233
-0.029 -0.770
-0.955 -0.300
1.995 1.645
-0.274 -0.440
-0.106 0.256
0.146 -1.211
0.833 -0.462
0.185 -0.550
0.154 -0.114
0.606 0.589
0.557 -0.129
-0.329 -0.547
1.219 0.395
-0.732 -0.122
0.717 -1.978
-1.563 0.031
-0.003 -0.140
-0.268 0.462
-0.637 0.606
-1.115 -0.852
-1.953 1.451
-0.008 0.056
-0.972 -0.691
0.486 1.042
0.969 -0.848
-0.995 0.993
-2.346 -0.821
-1.584 -0.958
1.208 -0.988
-0.393 0.092
-0.348 0.126
0.808 -0.226
0.120 -0.551
-0.681 -0.782
-1.975 0.809
1.271 -1.139
-0.962 -0.396
-0.686 0.231
-0.754 0.261
-0.850 0.932
-0.732 0.013
0.816 1.889
-1.000 1.029
0.754 1.040
0.756 -0.544
0.828 -0.836
1.610 -0.560
-1.260 0.798
0.531 -0.432
-0.958 1.520
0.268 -0.204
-1.340 -1.023
-0.875 0.925
0.945 -0.902
1.944 -1.321
0.107 -1.294
0.888 0.473
0.872 -0.570
0.535 0.738
-1.850 -0.347
-0.464 -1.239
2.021 -0.417
-0.542 0.525
-1.447 -1.276
-1.017 0.100
-1.942 1.381
1.156 1.581
0.572 -0.228
0.704 -0.761
1.116 1.919
1.152 0.150
-0.593 1.230
-1.431 0.803
-1.217 0.506
2.092 0.559
-0.240 0.396
