x fit cilo cihi pilo pihi whlo whhi
10.200 24.822 15.896 33.747 9.273 40.370 13.494 36.149
10.351 25.867 17.167 34.566 10.447 41.286 14.826 36.907
10.502 26.912 18.437 35.386 11.618 42.205 16.157 37.666
10.653 27.957 19.707 36.207 12.786 43.127 17.487 38.427
10.803 29.002 20.976 37.028 13.952 44.052 18.816 39.188
10.954 30.047 22.243 37.850 15.114 44.979 20.143 39.950
11.105 31.092 23.510 38.673 16.274 45.910 21.470 40.714
11.256 32.137 24.776 39.498 17.431 46.843 22.795 41.479
11.407 33.182 26.041 40.323 18.584 47.779 24.119 42.245
11.558 34.227 27.304 41.150 19.735 48.719 25.441 43.013
11.708 35.272 28.566 41.978 20.882 49.661 26.761 43.783
11.859 36.317 29.826 42.808 22.027 50.607 28.079 44.554
12.010 37.362 31.085 43.639 23.167 51.556 29.396 45.328
12.161 38.407 32.342 44.472 24.305 52.509 30.709 46.104
12.312 39.452 33.596 45.307 25.439 53.465 32.021 46.883
12.463 40.497 34.849 46.145 26.569 54.425 33.329 47.665
12.614 41.542 36.099 46.985 27.696 55.388 34.634 48.450
12.764 42.587 37.346 47.828 28.819 56.355 35.935 49.239
12.915 43.632 38.590 48.674 29.939 57.325 37.233 50.031
13.066 44.677 39.830 49.524 31.054 58.300 38.525 50.829
13.217 45.722 41.066 50.378 32.166 59.278 39.813 51.631
13.368 46.767 42.297 51.237 33.274 60.260 41.095 52.440
13.519 47.812 43.524 52.100 34.378 61.246 42.370 53.254
13.669 48.857 44.744 52.970 35.478 62.236 43.638 54.077
13.820 49.902 45.958 53.846 36.574 63.230 44.897 54.907
13.971 50.947 47.165 54.730 37.666 64.228 46.147 55.748
14.122 51.992 48.362 55.622 38.754 65.231 47.385 56.599
14.273 53.037 49.550 56.524 39.837 66.237 48.612 57.462
14.424 54.082 50.728 57.437 40.916 67.248 49.825 58.340
14.575 55.127 51.893 58.362 41.992 68.263 51.022 59.232
14.725 56.172 53.044 59.301 43.062 69.282 52.202 60.142
14.876 57.217 54.180 60.254 44.129 70.306 53.363 61.072
15.027 58.262 55.300 61.225 45.191 71.334 54.503 62.022
15.178 59.307 56.402 62.213 46.249 72.366 55.620 62.995
15.329 60.352 57.485 63.220 47.302 73.402 56.713 63.991
15.480 61.397 58.549 64.246 48.351 74.443 57.782 65.013
15.631 62.442 59.592 65.292 49.396 75.489 58.825 66.059
15.781 63.487 60.616 66.359 50.436 76.538 59.843 67.131
15.932 64.532 61.620 67.444 51.472 77.592 60.837 68.228
16.083 65.577 62.606 68.549 52.504 78.651 61.806 69.348
16.234 66.622 63.574 69.671 53.531 79.714 62.754 70.491
16.385 67.667 64.526 70.809 54.554 80.781 63.680 71.655
16.536 68.712 65.463 71.962 55.573 81.852 64.588 72.837
16.686 69.758 66.386 73.129 56.587 82.928 65.479 74.036
16.837 70.803 67.297 74.308 57.598 84.007 66.354 75.251
16.988 71.848 68.198 75.497 58.603 85.092 67.216 76.479
17.139 72.893 69.089 76.696 59.605 86.180 68.065 77.720
17.290 73.938 69.971 77.904 60.603 87.272 68.904 78.971
17.441 74.983 70.847 79.118 61.596 88.369 69.734 80.231
17.592 76.028 71.715 80.340 62.586 89.469 70.555 81.500
17.742 77.073 72.578 81.567 63.571 90.574 71.369 82.776
17.893 78.118 73.436 82.799 64.553 91.682 72.176 84.059
18.044 79.163 74.290 84.036 65.531 92.795 72.978 85.347
18.195 80.208 75.139 85.277 66.505 93.911 73.775 86.641
18.346 81.253 75.985 86.521 67.475 95.031 74.567 87.938
18.497 82.298 76.827 87.768 68.441 96.154 75.355 89.240
18.647 83.343 77.667 89.018 69.404 97.282 76.140 90.546
18.798 84.388 78.504 90.271 70.363 98.413 76.921 91.854
18.949 85.433 79.339 91.526 71.318 99.547 77.700 93.166
19.100 86.478 80.172 92.783 72.271 100.685 78.475 94.480
