edad t sexo
46.7566 -0.0970 0.0000
69.9132 -0.3216 0.0000
45.2117 0.8259 0.0000
71.1584 -1.3708 0.0000
72.9106 -2.0402 0.0000
67.4684 -0.5403 0.0000
52.8958 -1.1707 0.0000
40.0603 -0.7367 0.0000
55.1817 0.2250 0.0000
56.7452 -0.9628 0.0000
62.6702 -1.5450 0.0000
69.7033 -0.8116 0.0000
63.6504 -1.1175 0.0000
55.0896 -1.2577 0.0000
49.7903 -1.1724 0.0000
67.2061 0.4532 0.0000
62.6573 -1.1160 0.0000
78.8975 0.2302 0.0000
53.7020 -0.8662 0.0000
63.5963 -2.0907 0.0000
49.7061 -2.7451 0.0000
64.2921 -0.3884 0.0000
60.1045 -0.9684 0.0000
45.0870 -1.1046 0.0000
64.5198 -1.0758 0.0000
50.0821 0.0567 0.0000
57.7724 -0.8869 0.0000
65.3409 -0.2841 0.0000
40.2003 -1.0763 0.0000
73.2779 -0.9493 0.0000
57.7537 0.0125 0.0000
50.9485 -0.4013 0.0000
70.7730 -0.9716 0.0000
50.0366 -2.3370 0.0000
69.5852 -1.3529 0.0000
52.5260 -0.3697 0.0000
46.7261 -0.9113 0.0000
48.5330 -0.8876 0.0000
67.9622 0.4154 1.0000
56.1348 -0.6464 1.0000
74.7052 0.4885 1.0000
44.0603 0.3099 1.0000
55.4065 -0.2320 1.0000
55.7843 0.0218 1.0000
64.6568 0.4031 1.0000
78.8312 1.7555 1.0000
67.7443 -0.3558 1.0000
49.7026 2.3206 1.0000
60.3468 1.9017 1.0000
47.8156 1.0261 1.0000
46.7934 -0.2652 1.0000
57.7932 1.2238 1.0000
55.0061 0.4532 1.0000
52.2851 0.7558 1.0000
41.4465 0.1166 1.0000
51.9179 0.3100 1.0000
56.5610 1.9417 1.0000
61.3949 0.6300 1.0000
73.1759 1.4079 1.0000
66.5933 0.5197 1.0000
78.2718 -0.8535 1.0000
54.0289 0.6893 1.0000
55.5814 0.9136 1.0000
57.1705 1.6238 1.0000
64.9125 2.1557 1.0000
72.0139 -0.1477 1.0000
62.3685 -0.4714 1.0000
74.6012 1.9276 1.0000
41.1655 0.7959 1.0000
64.7109 1.2749 1.0000
58.9153 1.1060 1.0000
47.5804 -0.0863 1.0000
41.2430 1.0890 1.0000
48.6939 0.9493 1.0000
44.9250 -0.2209 1.0000
79.7421 0.0307 1.0000
