q der izq colas
-2.6388 -1.0231 -5.1702 -3.5180
-2.2968 -1.0192 -3.5112 -3.4858
-2.1090 -1.0164 -3.1489 -2.0185
-1.9751 -1.0118 -2.8683 -1.8525
-1.8694 -1.0115 -2.8486 -1.7645
-1.7812 -1.0112 -2.5440 -1.3162
-1.7050 -1.0061 -2.2769 -1.1705
-1.6376 -0.9719 -1.7519 -0.9925
-1.5769 -0.9498 -1.7518 -0.8871
-1.5216 -0.9369 -1.5800 -0.8860
-1.4705 -0.9316 -1.5687 -0.8420
-1.4230 -0.9228 -1.5520 -0.8396
-1.3785 -0.9196 -1.4959 -0.8391
-1.3366 -0.9135 -1.3626 -0.7744
-1.2969 -0.9091 -1.3435 -0.7343
-1.2591 -0.9083 -1.2982 -0.7309
-1.2231 -0.9059 -1.2246 -0.7140
-1.1886 -0.9054 -1.0909 -0.6623
-1.1554 -0.8918 -1.0513 -0.6572
-1.1235 -0.8810 -1.0190 -0.6472
-1.0927 -0.8741 -0.9764 -0.6447
-1.0628 -0.8541 -0.9396 -0.6141
-1.0339 -0.8375 -0.8949 -0.6135
-1.0059 -0.8346 -0.7961 -0.5997
-0.9786 -0.8191 -0.7638 -0.5902
-0.9520 -0.8028 -0.7465 -0.5898
-0.9261 -0.8013 -0.6626 -0.5699
-0.9008 -0.7995 -0.6623 -0.5354
-0.8760 -0.7965 -0.6221 -0.5301
-0.8518 -0.7805 -0.6180 -0.5220
-0.8280 -0.7720 -0.5037 -0.5220
-0.8047 -0.7520 -0.4767 -0.4997
-0.7819 -0.7444 -0.4600 -0.4842
-0.7594 -0.7407 -0.4172 -0.4762
-0.7374 -0.7406 -0.3936 -0.4694
-0.7156 -0.7388 -0.3850 -0.4635
-0.6943 -0.7350 -0.3827 -0.4365
-0.6732 -0.7236 -0.3544 -0.4246
-0.6524 -0.7235 -0.3370 -0.3951
-0.6319 -0.7065 -0.2671 -0.3695
-0.6117 -0.7045 -0.2558 -0.3633
-0.5917 -0.6995 -0.2365 -0.3493
-0.5719 -0.6721 -0.2284 -0.3099
-0.5524 -0.6719 -0.2218 -0.3091
-0.5330 -0.6700 -0.2050 -0.3079
-0.5139 -0.6680 -0.1839 -0.3042
-0.4950 -0.6661 -0.1496 -0.2998
-0.4762 -0.6323 -0.1209 -0.2730
-0.4576 -0.6305 -0.1113 -0.2688
-0.4391 -0.6208 -0.1103 -0.2588
-0.4208 -0.6153 -0.1084 -0.2421
-0.4027 -0.6124 -0.0693 -0.2364
-0.3846 -0.6119 -0.0598 -0.2361
-0.3667 -0.6077 -0.0316 -0.2189
-0.3490 -0.5871 -0.0123 -0.2127
-0.3313 -0.5696 -0.0016 -0.2119
-0.3137 -0.5619 -0.0012 -0.2115
-0.2962 -0.5496 0.0342 -0.2010
-0.2788 -0.5460 0.0536 -0.2009
-0.2615 -0.5258 0.0984 -0.1964
-0.2443 -0.5211 0.1140 -0.1866
-0.2272 -0.5104 0.1198 -0.1829
-0.2101 -0.4840 0.1498 -0.1761
-0.1930 -0.4388 0.1621 -0.1732
-0.1761 -0.4247 0.1670 -0.1590
-0.1592 -0.4183 0.1673 -0.1524
-0.1423 -0.4096 0.2129 -0.1499
-0.1255 -0.3571 0.2181 -0.1427
-0.1087 -0.3425 0.2190 -0.1354
-0.0919 -0.2854 0.2217 -0.1329
-0.0751 -0.2838 0.2354 -0.1296
-0.0584 -0.2714 0.2408 -0.1226
-0.0417 -0.2625 0.2654 -0.1221
-0.0250 -0.2566 0.2870 -0.1205
-0.0083 -0.2564 0.2964 -0.1045
0.0083 -0.2454 0.3048 -0.1012
0.0250 -0.2297 0.3300 -0.0972
0.0417 -0.2194 0.3408 -0.0895
0.0584 -0.2107 0.3426 -0.0854
0.0751 -0.2070 0.3450 -0.0814
0.0919 -0.2014 0.3674 -0.0512
0.1087 -0.1973 0.4087 -0.0494
0.1255 -0.1711 0.4235 -0.0353
0.1423 -0.1384 0.4325 -0.0240
0.1592 -0.1190 0.4445 -0.0207
0.1761 -0.1094 0.4478 -0.0189
0.1930 -0.0864 0.4824 -0.0170
0.2101 -0.0810 0.4831 -0.0149
0.2272 -0.0735 0.4842 -0.0134
0.2443 -0.0629 0.4946 0.0062
0.2615 -0.0574 0.5058 0.0307
0.2788 -0.0338 0.5239 0.0339
0.2962 -0.0274 0.5323 0.0448
0.3137 -0.0150 0.5383 0.0687
0.3313 -0.0120 0.5395 0.0705
0.3490 -0.0062 0.5543 0.0759
0.3667 0.0042 0.5574 0.0951
0.3846 0.0553 0.5620 0.0988
0.4027 0.0621 0.5626 0.1089
0.4208 0.0692 0.5657 0.1170
0.4391 0.0716 0.5677 0.1503
0.4576 0.0755 0.5685 0.1531
0.4762 0.0774 0.5764 0.1692
0.4950 0.1048 0.5843 0.1753
0.5139 0.1272 0.5968 0.2050
0.5330 0.1723 0.6009 0.2170
0.5524 0.1916 0.6254 0.2293
0.5719 0.1939 0.6263 0.2304
0.5917 0.2243 0.6503 0.2326
0.6117 0.2400 0.6625 0.2463
0.6319 0.2551 0.6640 0.2612
0.6524 0.3120 0.6730 0.2689
0.6732 0.3300 0.6864 0.3032
0.6943 0.3656 0.7117 0.3460
0.7156 0.4030 0.7232 0.3531
0.7374 0.4159 0.7313 0.3559
0.7594 0.4553 0.7318 0.3643
0.7819 0.4863 0.7324 0.3910
0.8047 0.5075 0.7368 0.4050
0.8280 0.5766 0.7454 0.4066
0.8518 0.6587 0.7463 0.4084
0.8760 0.6930 0.7738 0.4198
0.9008 0.7066 0.7857 0.4298
0.9261 0.7195 0.7895 0.4473
0.9520 0.7758 0.7971 0.4977
0.9786 0.8591 0.7973 0.5344
1.0059 0.8646 0.8061 0.5423
1.0339 0.9852 0.8083 0.5506
1.0628 1.1149 0.8136 0.5682
1.0927 1.1541 0.8183 0.5731
1.1235 1.2014 0.8185 0.6019
1.1554 1.2323 0.8296 0.6118
1.1886 1.4322 0.8517 0.6779
1.2231 1.4450 0.8530 0.7280
1.2591 1.4772 0.8571 0.7754
1.2969 1.5805 0.8599 0.8822
1.3366 1.6019 0.8600 0.9197
1.3785 1.7321 0.8904 0.9427
1.4230 1.7821 0.8995 0.9836
1.4705 1.8454 0.9023 1.0900
1.5216 1.8562 0.9058 1.1250
1.5769 1.9352 0.9099 1.1889
1.6376 1.9494 0.9526 1.2592
1.7050 2.0104 0.9572 1.4193
1.7812 2.0825 0.9747 1.5587
1.8694 2.3326 0.9790 1.8624
1.9751 2.5471 0.9859 2.1132
2.1090 2.6292 0.9869 3.4060
2.2968 2.6733 0.9880 4.4310
2.6388 5.4203 0.9961 6.0220
